tlb_hit_rate = 0.500405
page_fault_rate = 0.038680
