tlb_hit_rate = 0.188491
page_fault_rate = 0.660431
