tlb_hit_rate = 0.267951
page_fault_rate = 0.621407
